[extruder]
sensor_type: ATC Semitec 104NT-4-R025H42G
rotation_distance: 8.060453
max_temp: 300

# The extruder is a different size from Prusa stock, so we need to specify new
# limits/coordinates because we have a different print volume.
[stepper_x]
position_max: 244
position_min: -11.5
position_endstop: -11.5

[stepper_y]
position_max: 204
position_min: -14.625
position_endstop: -14.625

[stepper_z]
position_max: 210

[probe]
x_offset: 36
y_offset: 18

[safe_z_home]
home_xy_position: 91,87

[bed_mesh]
mesh_max: 244, 210
mesh_min: 24.5, 3.375
faulty_region_1_min: -7.566248, -33.868562
faulty_region_1_max: 21.725418, -25.076896
faulty_region_2_min: 24.933750, -33.868562
faulty_region_2_max: 54.225423, -25.076896
faulty_region_3_min: 126.110955, -33.868562
faulty_region_3_max: 155.402613, -25.076896
faulty_region_4_min: 158.610955, -33.868562
faulty_region_4_max: 187.902613, -25.076896
faulty_region_5_min: 204.772353, 9.934778
faulty_region_5_max: 213.564023, 39.226444
faulty_region_6_min: 204.489303, 43.615330
faulty_region_6_max: 213.280973, 72.906998
faulty_region_7_min: 204.489303, 104.479636
faulty_region_7_max: 213.280973, 133.771304
faulty_region_8_min: 204.772353, 135.253495
faulty_region_8_max: 213.564023, 164.545153
faulty_region_9_min: 183.581908, 197.416004
faulty_region_9_max: 212.873566, 206.207674
faulty_region_10_min: 122.014063, 196.557532
faulty_region_10_max: 151.305722, 205.349183
faulty_region_11_min: 28.030640, 196.557532
faulty_region_11_max: 57.322308, 205.349183
faulty_region_12_min: -34.710113, 197.631443
faulty_region_12_max: -5.418447, 206.423113
faulty_region_13_min: -34.952275, 167.822181
faulty_region_13_max: -26.160609, 197.113858
faulty_region_14_min: -33.477651, 137.125380
faulty_region_14_max: -24.685985, 166.417039
faulty_region_15_min: -32.944610, 104.699987
faulty_region_15_max: -24.152944, 133.991261
faulty_region_16_min: -33.944610, 43.206029
faulty_region_16_max: -25.152944, 72.497697
faulty_region_17_min: -34.227651, 13.881439
faulty_region_17_max: -25.435985, 43.173102
faulty_region_18_min: -33.477650, -16.618562
faulty_region_18_max: -24.685988, 12.673104
faulty_region_19_min: 116.510538, -30.118562
faulty_region_19_max: 105.814019, -0.826897
faulty_region_20_min: 163.610955, -6.868563
faulty_region_20_max: 192.902613, 1.923104
faulty_region_21_min: 176.486873, 75.131434
faulty_region_21_max: 185.278543, 104.423102
faulty_region_22_min: 147.527009, 179.399291
faulty_region_22_max: 176.818667, 188.190941
faulty_region_23_min: 71.933218, 175.381447
faulty_region_23_max: 80.724888, 204.673106
faulty_region_24_min: -7.227652, 75.131434
faulty_region_24_max: 1.564016, 104.423102
faulty_region_25_min: 85.772349, 27.883406
faulty_region_25_max: 94.564019, 57.173106
faulty_region_26_min: 125.522345, 85.381438
faulty_region_26_max: 154.814023, 94.173108
faulty_region_27_min: 85.772349, 122.381440
faulty_region_27_max: 94.564019, 151.673098
faulty_region_28_min: 25.522350, 85.381438
faulty_region_28_max: 54.814013, 94.173108
